ADA-USD	0.6019237637519836,0.9610139727592468,0.7615140914916992,0.07965905239109272,30120382614.0,30
BNB-USD	569.7468872070312,698.037353515625,633.8555725097656,35.6694472171714,64731925897.0,30
BTC-USD	80073.859375,104735.3046875,95699.36822916666,5104.147057445035,1336604171219.0,30
DOGE-USD	0.1873791217803955,0.331508994102478,0.2551116392016411,0.03156444983230487,65108865235.0,30
DOT-USD	4.413650989532471,6.318368911743164,4.9944169839223225,0.4309438133145857,8763242871.0,30
ETH-USD	2140.3427734375,3298.26513671875,2705.673689778646,233.90693382370947,808530637771.0,30
LINK-USD	13.927817344665527,25.148338317871094,18.69338585535685,2.486319634664048,18892413226.0,30
LTC-USD	101.45013427734375,135.21470642089844,119.64360020955404,10.21333768560161,39837840163.0,30
SOL-USD	131.74957275390625,239.0231475830078,185.08576405843098,26.949882379937034,141012799999.0,30
UNI-USD	0.0001602779666427523,0.00021100000594742596,0.0001923092631235098,1.0434585388308996e-05,115.0,30
XLM-USD	0.2618798613548279,0.43001699447631836,0.33429032961527505,0.03475960195311338,10799881250.0,30
XMR-USD	205.2122802734375,239.19525146484375,225.73355000813802,9.127906398999134,1979791974.0,30
XRP-USD	2.035233497619629,3.1310689449310303,2.542996613184611,0.23911133352180436,221273979254.0,30
XTZ-USD	0.7194686532020569,1.093438982963562,0.8805615842342377,0.08012035526269862,1127695358.0,30
