symbol,date,open_price,high_price,low_price,close_price,volume
BTC-USD,2025-01-28,102095.4140625,103730.8203125,100238.1875,101332.4765625,47180685494.0
BTC-USD,2025-01-29,101317.5234375,104750.8046875,101283.8203125,103703.2109375,47432049818.0
BTC-USD,2025-01-30,103709.3359375,106418.765625,103321.6484375,104735.3046875,41915744521.0
BTC-USD,2025-01-31,104737.5625,106026.3515625,101543.8828125,102405.0234375,45732764360.0
BTC-USD,2025-02-01,102402.796875,102755.7265625,100297.7109375,100655.90625,27757944848.0
BTC-USD,2025-02-02,100661.5390625,101430.6640625,96216.078125,97688.9765625,63091816853.0
BTC-USD,2025-02-03,97681.1015625,102514.171875,91242.890625,101405.421875,115400897748.0
BTC-USD,2025-02-04,101398.71875,101745.6171875,96208.109375,97871.8203125,73002130211.0
BTC-USD,2025-02-05,97878.0078125,99113.2109375,96174.828125,96615.4453125,49125911241.0
BTC-USD,2025-02-06,96610.640625,99168.609375,95707.3515625,96593.296875,45302471947.0
BTC-USD,2025-02-07,96581.3203125,100154.140625,95653.8828125,96529.0859375,55741290456.0
BTC-USD,2025-02-08,96533.2578125,96877.8046875,95702.4921875,96482.453125,22447526395.0
BTC-USD,2025-02-09,96481.3125,97325.28125,94745.2578125,96500.09375,27732901800.0
BTC-USD,2025-02-10,96499.4609375,98333.21875,95320.84375,97437.5546875,40078962391.0
BTC-USD,2025-02-11,97438.1328125,98492.8984375,94875.0390625,95747.4296875,37488783272.0
BTC-USD,2025-02-12,95745.6953125,98151.0234375,94101.203125,97885.859375,49340445530.0
BTC-USD,2025-02-13,97888.75,98111.0859375,95269.7109375,96623.8671875,37147280860.0
BTC-USD,2025-02-14,96623.3671875,98819.46875,96342.8046875,97508.96875,32697987277.0
BTC-USD,2025-02-15,97508.3828125,97975.0390625,97240.1953125,97580.3515625,17047266288.0
BTC-USD,2025-02-16,97580.4921875,97725.59375,96060.9765625,96175.03125,16536755396.0
BTC-USD,2025-02-17,96179.0078125,97032.234375,95243.546875,95773.3828125,27336550690.0
BTC-USD,2025-02-18,95773.8125,96695.375,93388.8359375,95539.546875,37325720482.0
BTC-USD,2025-02-19,95532.53125,96855.59375,95011.96875,96635.609375,28990872862.0
BTC-USD,2025-02-20,96632.6796875,98767.1953125,96442.671875,98333.9375,31668022771.0
BTC-USD,2025-02-21,98340.671875,99497.96875,94852.9609375,96125.546875,49608706470.0
BTC-USD,2025-02-22,96134.203125,96950.15625,95765.34375,96577.7578125,18353824477.0
BTC-USD,2025-02-23,96577.8046875,96671.875,95270.453125,96273.921875,16999478976.0
BTC-USD,2025-02-24,96277.9609375,96503.453125,91371.7421875,91418.171875,44046480529.0
BTC-USD,2025-02-25,91437.1171875,92511.078125,86008.234375,88736.171875,92139104128.0
BTC-USD,2025-02-26,88569.671875,89277.484375,88054.53125,88764.8515625,69793824768.0
ETH-USD,2025-01-28,3179.0869140625,3222.7373046875,3040.09228515625,3077.112548828125,20718206194.0
ETH-USD,2025-01-29,3076.380126953125,3177.98046875,3055.181640625,3112.9990234375,22727786058.0
ETH-USD,2025-01-30,3113.289794921875,3282.986328125,3093.123779296875,3247.780029296875,19958405782.0
ETH-USD,2025-01-31,3247.8671875,3437.569091796875,3214.935546875,3298.26513671875,30128115902.0
ETH-USD,2025-02-01,3298.822265625,3329.6552734375,3103.9189453125,3118.32861328125,19917507079.0
ETH-USD,2025-02-02,3118.611572265625,3161.894287109375,2755.474609375,2868.69287109375,42060930305.0
ETH-USD,2025-02-03,2868.07861328125,2919.477294921875,2159.280517578125,2884.566650390625,92453553253.0
ETH-USD,2025-02-04,2883.818359375,2888.25,2636.165771484375,2735.05126953125,48795275985.0
ETH-USD,2025-02-05,2735.225830078125,2824.400146484375,2701.10498046875,2787.779052734375,31960764447.0
ETH-USD,2025-02-06,2787.65869140625,2857.14208984375,2662.44580078125,2688.40087890625,29500645692.0
ETH-USD,2025-02-07,2688.8974609375,2798.02880859375,2564.96826171875,2622.211181640625,29526663418.0
ETH-USD,2025-02-08,2623.001953125,2665.484619140625,2591.778564453125,2632.308349609375,17059263074.0
ETH-USD,2025-02-09,2632.578125,2695.222412109375,2530.435791015625,2628.72119140625,17517088276.0
ETH-USD,2025-02-10,2628.650146484375,2692.80859375,2564.0185546875,2661.166748046875,19414208113.0
ETH-USD,2025-02-11,2661.315673828125,2724.90234375,2565.397216796875,2602.781982421875,21156550492.0
ETH-USD,2025-02-12,2602.828125,2794.867431640625,2551.174560546875,2736.902099609375,26919387954.0
ETH-USD,2025-02-13,2737.028564453125,2756.443359375,2615.667724609375,2675.902587890625,19481004625.0
ETH-USD,2025-02-14,2675.939453125,2790.023681640625,2666.26806640625,2726.091552734375,17732289901.0
ETH-USD,2025-02-15,2726.07470703125,2738.68115234375,2668.53173828125,2693.559814453125,10803019357.0
ETH-USD,2025-02-16,2693.5625,2724.096435546875,2655.297607421875,2663.31591796875,10593602117.0
ETH-USD,2025-02-17,2663.2294921875,2848.7841796875,2640.18212890625,2743.19970703125,24170425078.0
ETH-USD,2025-02-18,2743.02294921875,2754.6767578125,2606.900390625,2669.3388671875,23004152928.0
ETH-USD,2025-02-19,2669.21337890625,2735.917724609375,2656.375732421875,2715.77099609375,15272401903.0
ETH-USD,2025-02-20,2715.6826171875,2770.030517578125,2708.216064453125,2740.386474609375,15917259320.0
ETH-USD,2025-02-21,2740.022216796875,2842.8271484375,2616.91943359375,2659.655517578125,31441524621.0
ETH-USD,2025-02-22,2660.035888671875,2797.057861328125,2653.867431640625,2764.029296875,16403164397.0
ETH-USD,2025-02-23,2764.031005859375,2850.6103515625,2746.773681640625,2821.310302734375,20493767269.0
ETH-USD,2025-02-24,2820.456298828125,2839.010009765625,2478.8994140625,2513.8212890625,29127380459.0
ETH-USD,2025-02-25,2514.2109375,2529.669189453125,2326.632080078125,2493.592529296875,40044790246.0
ETH-USD,2025-02-26,2492.342041015625,2502.059326171875,2462.474365234375,2468.419921875,27455309824.0
LTC-USD,2025-01-28,114.90412139892578,116.88208770751953,109.39888763427734,110.22003173828125,652725828.0
LTC-USD,2025-01-29,110.2208023071289,118.95044708251953,110.00133514404297,115.69033813476562,738092056.0
LTC-USD,2025-01-30,115.6900634765625,133.62950134277344,114.473388671875,129.91165161132812,1621653177.0
LTC-USD,2025-01-31,129.90988159179688,134.53956604003906,125.59959411621094,128.01290893554688,1048380061.0
LTC-USD,2025-02-01,128.013916015625,131.09091186523438,118.04769897460938,118.91510772705078,983459679.0
LTC-USD,2025-02-02,118.91496276855469,121.23682403564453,105.12374877929688,109.48184204101562,1287044634.0
LTC-USD,2025-02-03,109.48340606689453,109.48930358886719,85.30736541748047,106.95282745361328,2397646501.0
LTC-USD,2025-02-04,106.95282745361328,108.57109832763672,98.80427551269531,101.45013427734375,985577467.0
LTC-USD,2025-02-05,101.44993591308594,108.8306884765625,100.72579956054688,103.3876953125,771171988.0
LTC-USD,2025-02-06,103.3876953125,109.29440307617188,99.82597351074219,101.6890869140625,881265474.0
LTC-USD,2025-02-07,101.68403625488281,107.8051986694336,100.79510498046875,103.2164077758789,811277196.0
LTC-USD,2025-02-08,103.21773529052734,105.10611724853516,102.03208923339844,104.68509674072266,501350634.0
LTC-USD,2025-02-09,104.68412780761719,109.00012969970703,102.5184097290039,107.45870208740234,623178747.0
LTC-USD,2025-02-10,107.45923614501953,121.71173095703125,107.29493713378906,120.08202362060547,1528523943.0
LTC-USD,2025-02-11,120.08802795410156,131.6415557861328,118.28965759277344,119.69583129882812,1985970457.0
LTC-USD,2025-02-12,119.6959228515625,124.47865295410156,112.32292938232422,122.0439224243164,1392547068.0
LTC-USD,2025-02-13,122.04375457763672,129.00433349609375,119.33539581298828,126.31777954101562,1368690456.0
LTC-USD,2025-02-14,126.32026672363281,133.58102416992188,124.80476379394531,125.12673950195312,1541689997.0
LTC-USD,2025-02-15,125.1233901977539,134.51234436035156,124.56685638427734,133.84043884277344,1346292179.0
LTC-USD,2025-02-16,133.8466339111328,137.17132568359375,125.26654815673828,125.55438232421875,1226603117.0
LTC-USD,2025-02-17,125.55278015136719,128.5653839111328,120.52629852294922,122.30784606933594,1088409484.0
LTC-USD,2025-02-18,122.30735778808594,129.5143280029297,120.32439422607422,129.49008178710938,1333528584.0
LTC-USD,2025-02-19,129.49510192871094,139.41400146484375,129.49472045898438,135.21470642089844,1800586289.0
LTC-USD,2025-02-20,135.20071411132812,135.20355224609375,126.31468200683594,130.60191345214844,1363354948.0
LTC-USD,2025-02-21,130.60342407226562,139.8590545654297,123.93376922607422,128.05027770996094,2157310257.0
LTC-USD,2025-02-22,128.0509490966797,130.95367431640625,125.83778381347656,126.0592269897461,882754016.0
LTC-USD,2025-02-23,126.0571060180664,130.1383514404297,125.400634765625,129.94187927246094,606417516.0
LTC-USD,2025-02-24,129.9398193359375,130.2569580078125,113.86595916748047,114.46142578125,1208689964.0
LTC-USD,2025-02-25,114.46385192871094,116.80304718017578,107.50931549072266,114.61450958251953,1495685860.0
LTC-USD,2025-02-26,114.6005630493164,120.95745849609375,114.15703582763672,120.02162170410156,1199543808.0
XRP-USD,2025-01-28,3.053234100341797,3.2090890407562256,3.0113940238952637,3.06112003326416,9497347683.0
XRP-USD,2025-01-29,3.061098098754883,3.1274349689483643,2.9767580032348633,3.068294048309326,6882287654.0
XRP-USD,2025-01-30,3.068402051925659,3.1513309478759766,3.0533149242401123,3.1310689449310303,4868674752.0
XRP-USD,2025-01-31,3.13104510307312,3.1311330795288086,3.0064849853515625,3.0354199409484863,4520254155.0
XRP-USD,2025-02-01,3.035398006439209,3.0685110092163086,2.8381409645080566,2.8844690322875977,4886927800.0
XRP-USD,2025-02-02,2.88446307182312,2.9528748989105225,2.4869349002838135,2.5797948837280273,15654662798.0
XRP-USD,2025-02-03,2.5797948837280273,2.7798500061035156,1.9486210346221924,2.7011559009552,36745099581.0
XRP-USD,2025-02-04,2.7013089656829834,2.7766449451446533,2.435539960861206,2.5354249477386475,14154535566.0
XRP-USD,2025-02-05,2.5353689193725586,2.567157030105591,2.3566479682922363,2.382314920425415,7724989243.0
XRP-USD,2025-02-06,2.3822579383850098,2.4646880626678467,2.2923290729522705,2.3268799781799316,7292152784.0
XRP-USD,2025-02-07,2.3268959522247314,2.5338680744171143,2.283989906311035,2.393583059310913,9288664505.0
XRP-USD,2025-02-08,2.393625020980835,2.4338529109954834,2.3557419776916504,2.4243760108947754,3995500228.0
XRP-USD,2025-02-09,2.4243500232696533,2.5043768882751465,2.3182339668273926,2.396939992904663,4806376236.0
XRP-USD,2025-02-10,2.3969149589538574,2.4694418907165527,2.330207109451294,2.422696113586426,4740495321.0
XRP-USD,2025-02-11,2.42274808883667,2.5253920555114746,2.3763608932495117,2.4142160415649414,5368991525.0
XRP-USD,2025-02-12,2.4142189025878906,2.490575075149536,2.349436044692993,2.472835063934326,5462469809.0
XRP-USD,2025-02-13,2.4728429317474365,2.596129894256592,2.424654006958008,2.5625150203704834,5041669574.0
XRP-USD,2025-02-14,2.562501907348633,2.82827091217041,2.535259962081909,2.7401959896087646,8841598608.0
XRP-USD,2025-02-15,2.7400870323181152,2.8273110389709473,2.7218549251556396,2.76157808303833,4633704309.0
XRP-USD,2025-02-16,2.761552095413208,2.8022820949554443,2.700206995010376,2.7278249263763428,3431117272.0
XRP-USD,2025-02-17,2.728055000305176,2.7614479064941406,2.613455057144165,2.658273935317993,4782836287.0
XRP-USD,2025-02-18,2.6582510471343994,2.666670083999634,2.4733290672302246,2.558877944946289,5357974219.0
XRP-USD,2025-02-19,2.5589520931243896,2.7440109252929688,2.517393112182617,2.7408010959625244,5175151198.0
XRP-USD,2025-02-20,2.7408089637756348,2.744910955429077,2.673609972000122,2.6908280849456787,4310522382.0
XRP-USD,2025-02-21,2.6907870769500732,2.709012031555176,2.5124850273132324,2.5701398849487305,5895816750.0
XRP-USD,2025-02-22,2.5701489448547363,2.607469081878662,2.5561840534210205,2.5757060050964355,2384435690.0
XRP-USD,2025-02-23,2.5757060050964355,2.5969789028167725,2.523690938949585,2.5770199298858643,2469949788.0
XRP-USD,2025-02-24,2.577012062072754,2.6004559993743896,2.2705368995666504,2.2779290676116943,7075894526.0
XRP-USD,2025-02-25,2.2779459953308105,2.3579061031341553,2.075191020965576,2.3207170963287354,13317860642.0
XRP-USD,2025-02-26,2.320561408996582,2.3240549564361572,2.271430253982544,2.301161527633667,9637932032.0
ADA-USD,2025-01-28,0.9329519867897034,0.9670730233192444,0.9050549864768982,0.9161149859428406,768281216.0
ADA-USD,2025-01-29,0.916109025478363,0.9583600163459778,0.9052199721336365,0.9411270022392273,819481985.0
ADA-USD,2025-01-30,0.9411429762840271,0.9862490296363831,0.9386979937553406,0.9610139727592468,626612172.0
ADA-USD,2025-01-31,0.9610069990158081,0.9818969964981079,0.9368590116500854,0.9422289729118347,700669655.0
ADA-USD,2025-02-01,0.9422289729118347,0.9560539722442627,0.8909400105476379,0.8979439735412598,576044613.0
ADA-USD,2025-02-02,0.8979349732398987,0.9097269773483276,0.7710750102996826,0.8017399907112122,1554294076.0
ADA-USD,2025-02-03,0.8017529845237732,0.8229950070381165,0.5648369789123535,0.8115590214729309,4694160143.0
ADA-USD,2025-02-04,0.8115620017051697,0.81843101978302,0.7190250158309937,0.7463430166244507,1601678503.0
ADA-USD,2025-02-05,0.746330976486206,0.7740880250930786,0.7289459705352783,0.7332090139389038,840128547.0
ADA-USD,2025-02-06,0.7331269979476929,0.7646530270576477,0.7021329998970032,0.7050619721412659,844784492.0
ADA-USD,2025-02-07,0.705053985118866,0.7500200271606445,0.6924769878387451,0.7070930004119873,940384129.0
ADA-USD,2025-02-08,0.7070950269699097,0.7148569822311401,0.6847509741783142,0.7018489837646484,553879408.0
ADA-USD,2025-02-09,0.7017760276794434,0.7126370072364807,0.6540560126304626,0.6827009916305542,679645670.0
ADA-USD,2025-02-10,0.6827729940414429,0.716280996799469,0.66560298204422,0.7106930017471313,751114200.0
ADA-USD,2025-02-11,0.7107419967651367,0.8159189820289612,0.7107419967651367,0.7793989777565002,1813731044.0
ADA-USD,2025-02-12,0.7793949842453003,0.8050739765167236,0.7528030276298523,0.7992240190505981,1231175669.0
ADA-USD,2025-02-13,0.799235999584198,0.8269019722938538,0.7720170021057129,0.8107420206069946,840300501.0
ADA-USD,2025-02-14,0.8107100129127502,0.8270789980888367,0.7931399941444397,0.8005070090293884,787635175.0
ADA-USD,2025-02-15,0.8005139827728271,0.8129389882087708,0.7771999835968018,0.7811099886894226,493874835.0
ADA-USD,2025-02-16,0.7811110019683838,0.7868019938468933,0.7647410035133362,0.772005021572113,448477194.0
ADA-USD,2025-02-17,0.7720010280609131,0.8269169926643372,0.7718629837036133,0.8080250024795532,1041802036.0
ADA-USD,2025-02-18,0.8081070184707642,0.8125380277633667,0.7381849884986877,0.7523630261421204,905917139.0
ADA-USD,2025-02-19,0.752364993095398,0.7747200131416321,0.7372490167617798,0.7729430198669434,706077594.0
ADA-USD,2025-02-20,0.7729399800300598,0.8104299902915955,0.7717170119285583,0.8044739961624146,688006862.0
ADA-USD,2025-02-21,0.8044639825820923,0.8169400095939636,0.7521179914474487,0.7613710165023804,951661847.0
ADA-USD,2025-02-22,0.7613710165023804,0.7826600074768066,0.7585909962654114,0.7744519710540771,530696926.0
ADA-USD,2025-02-23,0.7744510173797607,0.7869970202445984,0.7614660263061523,0.7700409889221191,495111534.0
ADA-USD,2025-02-24,0.770039975643158,0.7755889892578125,0.680666983127594,0.6822019815444946,960897545.0
ADA-USD,2025-02-25,0.6822119951248169,0.6930379867553711,0.6338109970092773,0.6825820207595825,1317817123.0
ADA-USD,2025-02-26,0.6825551986694336,0.6935463547706604,0.6758080124855042,0.679999053478241,986365056.0
DOT-USD,2025-01-28,5.9433112144470215,6.028219223022461,5.606818199157715,5.655594825744629,194297100.0
DOT-USD,2025-01-29,5.655611038208008,5.869219779968262,5.5590667724609375,5.7635297775268555,216166779.0
DOT-USD,2025-01-30,5.7637128829956055,6.24724006652832,5.733512878417969,6.126862049102783,198393555.0
DOT-USD,2025-01-31,6.126813888549805,6.487727165222168,6.035582065582275,6.318368911743164,314381911.0
DOT-USD,2025-02-01,6.318353176116943,6.476463794708252,5.867547035217285,5.921681880950928,247497057.0
DOT-USD,2025-02-02,5.9216108322143555,6.034733772277832,4.941940784454346,5.148262023925781,513053386.0
DOT-USD,2025-02-03,5.148315906524658,5.275869846343994,4.010571002960205,5.185870170593262,1137490117.0
DOT-USD,2025-02-04,5.185870170593262,5.227540016174316,4.591136932373047,4.750216007232666,445306523.0
DOT-USD,2025-02-05,4.750216007232666,4.855924129486084,4.64512300491333,4.692637920379639,205438832.0
DOT-USD,2025-02-06,4.692564964294434,4.831255912780762,4.465463161468506,4.492766857147217,194634715.0
DOT-USD,2025-02-07,4.49277400970459,4.934070110321045,4.468080043792725,4.590202808380127,312014325.0
DOT-USD,2025-02-08,4.590192794799805,4.760420799255371,4.509909152984619,4.7452287673950195,163493250.0
DOT-USD,2025-02-09,4.744631767272949,4.870952129364014,4.520455837249756,4.77225923538208,210431570.0
DOT-USD,2025-02-10,4.77225923538208,4.908328056335449,4.6173810958862305,4.841084003448486,204227048.0
DOT-USD,2025-02-11,4.841084003448486,5.203351974487305,4.761879920959473,4.808444023132324,266391361.0
DOT-USD,2025-02-12,4.808451175689697,5.321436882019043,4.7839789390563965,5.228726863861084,410877108.0
DOT-USD,2025-02-13,5.228713035583496,5.271078109741211,5.075535774230957,5.1322340965271,213266580.0
DOT-USD,2025-02-14,5.1322340965271,5.3660430908203125,5.108065128326416,5.187249183654785,215723868.0
DOT-USD,2025-02-15,5.187249183654785,5.216403007507324,4.9865570068359375,5.023991107940674,146405481.0
DOT-USD,2025-02-16,5.024003982543945,5.037980079650879,4.836386203765869,4.880805969238281,129697267.0
DOT-USD,2025-02-17,4.880771160125732,5.063983917236328,4.805593013763428,4.888372898101807,190334706.0
DOT-USD,2025-02-18,4.888358116149902,4.912479877471924,4.574808120727539,4.758245944976807,232676332.0
DOT-USD,2025-02-19,4.7583088874816895,4.89955997467041,4.708448886871338,4.882347106933594,163800095.0
DOT-USD,2025-02-20,4.882347106933594,5.066722869873047,4.8819708824157715,5.047636032104492,205098723.0
DOT-USD,2025-02-21,5.047634124755859,5.332779884338379,4.958871841430664,5.05633020401001,324488845.0
DOT-USD,2025-02-22,5.05633020401001,5.205317974090576,5.0298590660095215,5.044673919677734,205003103.0
DOT-USD,2025-02-23,5.044644832611084,5.1215081214904785,4.909000873565674,4.959229946136475,138020156.0
DOT-USD,2025-02-24,4.9589948654174805,4.975611209869385,4.4036688804626465,4.413650989532471,268518335.0
DOT-USD,2025-02-25,4.413650989532471,4.740054130554199,4.1767802238464355,4.633916854858398,443038772.0
DOT-USD,2025-02-26,4.633914947509766,4.782436370849609,4.595573425292969,4.7806782722473145,347216576.0
BNB-USD,2025-01-28,679.7933349609375,682.856689453125,659.5821533203125,661.424560546875,1659082131.0
BNB-USD,2025-01-29,661.426025390625,678.9920654296875,660.2319946289062,667.6857299804688,1716776649.0
BNB-USD,2025-01-30,667.7298583984375,682.32470703125,666.649169921875,677.5535888671875,1506319921.0
BNB-USD,2025-01-31,677.5572509765625,689.2151489257812,673.79345703125,677.3753662109375,1589542506.0
BNB-USD,2025-02-01,677.3399047851562,681.2196044921875,651.126220703125,653.4329223632812,1544346912.0
BNB-USD,2025-02-02,653.4325561523438,662.6337280273438,602.7611694335938,617.6006469726562,2282982721.0
BNB-USD,2025-02-03,617.6006469726562,619.1079711914062,519.1922607421875,617.1207885742188,3960962742.0
BNB-USD,2025-02-04,617.1207885742188,619.3443603515625,559.2634887695312,573.3278198242188,2336864401.0
BNB-USD,2025-02-05,573.3278198242188,578.96240234375,562.0692749023438,569.7468872070312,1494467850.0
BNB-USD,2025-02-06,569.7468872070312,589.00634765625,569.597412109375,572.2740478515625,1722558011.0
BNB-USD,2025-02-07,572.2747192382812,589.6243286132812,571.2775268554688,578.0668334960938,1583843573.0
BNB-USD,2025-02-08,578.0668334960938,633.0552368164062,574.0418701171875,613.32421875,2087349099.0
BNB-USD,2025-02-09,613.32421875,647.7876586914062,603.4038696289062,616.64208984375,2630256614.0
BNB-USD,2025-02-10,616.64208984375,621.4203491210938,597.0648193359375,618.3145141601562,1860480297.0
BNB-USD,2025-02-11,618.3145141601562,646.0993041992188,615.691650390625,642.5872802734375,2162944541.0
BNB-USD,2025-02-12,642.5872802734375,704.7020263671875,627.5713500976562,698.037353515625,3007130370.0
BNB-USD,2025-02-13,698.037353515625,730.834716796875,660.646728515625,668.2775268554688,5139846836.0
BNB-USD,2025-02-14,668.2775268554688,683.9999389648438,652.4675903320312,658.0436401367188,2581045409.0
BNB-USD,2025-02-15,658.0436401367188,670.7623291015625,654.4702758789062,662.3276977539062,1794465917.0
BNB-USD,2025-02-16,662.3275756835938,685.0858764648438,654.3810424804688,674.100830078125,2009553142.0
BNB-USD,2025-02-17,674.100830078125,681.6255493164062,659.2930908203125,667.2290649414062,1942930816.0
BNB-USD,2025-02-18,667.2362060546875,667.759521484375,630.6552734375,647.443359375,1985512627.0
BNB-USD,2025-02-19,647.443603515625,659.9885864257812,638.140869140625,653.5147094726562,1916599180.0
BNB-USD,2025-02-20,653.5147094726562,658.9291381835938,646.6703491210938,657.2009887695312,1709065792.0
BNB-USD,2025-02-21,657.2009887695312,668.0032958984375,635.3399047851562,646.8995361328125,1926193637.0
BNB-USD,2025-02-22,646.8995361328125,679.123291015625,645.6533813476562,668.5747680664062,1899367077.0
BNB-USD,2025-02-23,668.574462890625,671.0719604492188,648.9799194335938,657.9036865234375,1502735946.0
BNB-USD,2025-02-24,657.9036865234375,659.1483154296875,612.8212280273438,613.9630126953125,1901201673.0
BNB-USD,2025-02-25,613.9630126953125,627.2440185546875,589.2698364257812,622.9407958984375,2591258749.0
BNB-USD,2025-02-26,622.9271850585938,630.7498168945312,620.3177490234375,626.9061279296875,2111614336.0
SOL-USD,2025-01-28,235.07296752929688,243.894775390625,225.25985717773438,227.20396423339844,5105320114.0
SOL-USD,2025-01-29,227.20278930664062,237.7097625732422,222.9235076904297,227.94493103027344,5385638692.0
SOL-USD,2025-01-30,227.9530487060547,244.32595825195312,227.1376190185547,239.0231475830078,4636567306.0
SOL-USD,2025-01-31,239.01669311523438,241.66659545898438,228.4788360595703,231.63790893554688,4043216055.0
SOL-USD,2025-02-01,231.64060974121094,233.86383056640625,213.4364013671875,213.78501892089844,3546350864.0
SOL-USD,2025-02-02,213.78094482421875,218.38438415527344,195.44923400878906,203.11962890625,8432593480.0
SOL-USD,2025-02-03,203.1215057373047,218.64768981933594,180.4093017578125,216.1495819091797,15260840772.0
SOL-USD,2025-02-04,216.1505126953125,219.99588012695312,202.84884643554688,207.09197998046875,7328632702.0
SOL-USD,2025-02-05,207.0771026611328,209.31875610351562,195.3905792236328,195.98814392089844,3826498437.0
SOL-USD,2025-02-06,195.98638916015625,203.8878173828125,188.16552734375,189.77249145507812,3936545265.0
SOL-USD,2025-02-07,189.75770568847656,203.15052795410156,188.48074340820312,192.20465087890625,4593806344.0
SOL-USD,2025-02-08,192.20254516601562,200.83197021484375,190.12876892089844,199.5998992919922,2387525186.0
SOL-USD,2025-02-09,199.5897979736328,207.27464294433594,194.24131774902344,200.49755859375,3380872965.0
SOL-USD,2025-02-10,200.4982452392578,208.82749938964844,196.38076782226562,200.35635375976562,4106376694.0
SOL-USD,2025-02-11,200.35891723632812,205.9241943359375,195.32150268554688,197.98236083984375,3907611299.0
SOL-USD,2025-02-12,197.98385620117188,198.44981384277344,189.60842895507812,196.7738037109375,4290836657.0
SOL-USD,2025-02-13,196.7738037109375,198.26075744628906,189.42771911621094,194.46095275878906,2755407329.0
SOL-USD,2025-02-14,194.45455932617188,205.12501525878906,194.3540496826172,199.9356689453125,3732334277.0
SOL-USD,2025-02-15,199.88677978515625,200.0533905029297,192.81378173828125,194.48208618164062,1869221857.0
SOL-USD,2025-02-16,194.4811553955078,196.0703125,186.97987365722656,188.4864044189453,2160799161.0
SOL-USD,2025-02-17,188.48521423339844,189.50650024414062,175.2635498046875,177.6897430419922,4345262539.0
SOL-USD,2025-02-18,177.68861389160156,178.94607543945312,161.30545043945312,169.08428955078125,6684824301.0
SOL-USD,2025-02-19,169.08543395996094,174.12147521972656,163.9593963623047,169.01080322265625,3717681436.0
SOL-USD,2025-02-20,169.00534057617188,176.588134765625,167.8734588623047,176.04888916015625,3347070717.0
SOL-USD,2025-02-21,176.03500366210938,180.4339599609375,167.30506896972656,168.89163208007812,4684370707.0
SOL-USD,2025-02-22,168.89163208007812,174.46559143066406,168.367431640625,172.16285705566406,2026581266.0
SOL-USD,2025-02-23,172.16346740722656,173.0360565185547,166.62765502929688,168.03811645507812,1621130854.0
SOL-USD,2025-02-24,168.03811645507812,169.56248474121094,140.56651306152344,141.98948669433594,7062261489.0
SOL-USD,2025-02-25,141.99234008789062,146.7398681640625,132.48583984375,144.10775756835938,9341433919.0
SOL-USD,2025-02-26,144.13278198242188,144.87078857421875,139.2707977294922,140.67018127441406,5370378752.0
LINK-USD,2025-01-28,24.14975357055664,24.623937606811523,22.415651321411133,22.615997314453125,620292730.0
LINK-USD,2025-01-29,22.615798950195312,24.423309326171875,22.37776756286621,23.62223243713379,742845725.0
LINK-USD,2025-01-30,23.622867584228516,25.159801483154297,23.471900939941406,24.47380828857422,592604517.0
LINK-USD,2025-01-31,24.473424911499023,26.263757705688477,24.18324851989746,25.148338317871094,778500220.0
LINK-USD,2025-02-01,25.14853286743164,25.9173641204834,22.836584091186523,23.048158645629883,634426010.0
LINK-USD,2025-02-02,23.048139572143555,23.294618606567383,19.59543228149414,20.42749786376953,1251773899.0
LINK-USD,2025-02-03,20.428348541259766,21.977678298950195,16.348777770996094,21.643274307250977,2756991354.0
LINK-USD,2025-02-04,21.643417358398438,21.690210342407227,19.371164321899414,20.0632381439209,1048262867.0
LINK-USD,2025-02-05,20.063220977783203,20.2470645904541,19.028745651245117,19.204370498657227,624337905.0
LINK-USD,2025-02-06,19.204143524169922,19.890478134155273,18.489131927490234,18.59428596496582,523730063.0
LINK-USD,2025-02-07,18.594465255737305,19.787992477416992,17.839513778686523,18.386972427368164,604860660.0
LINK-USD,2025-02-08,18.38692855834961,18.581850051879883,17.926759719848633,18.464569091796875,311371217.0
LINK-USD,2025-02-09,18.46430778503418,18.966943740844727,17.4949893951416,18.30515480041504,402859007.0
LINK-USD,2025-02-10,18.304838180541992,19.090980529785156,17.722257614135742,18.766145706176758,427544711.0
LINK-USD,2025-02-11,18.766422271728516,19.76460838317871,18.31439208984375,18.642301559448242,495570806.0
LINK-USD,2025-02-12,18.642303466796875,19.44901466369629,17.807748794555664,19.180673599243164,613343794.0
LINK-USD,2025-02-13,19.181020736694336,19.314369201660156,18.243806838989258,18.558940887451172,371819159.0
LINK-USD,2025-02-14,18.558338165283203,19.812788009643555,18.484304428100586,19.41437530517578,444394414.0
LINK-USD,2025-02-15,19.41385269165039,19.630155563354492,18.77332878112793,18.98305892944336,279323677.0
LINK-USD,2025-02-16,18.983190536499023,19.23417091369629,18.623245239257812,18.70529556274414,271286026.0
LINK-USD,2025-02-17,18.705150604248047,19.77117347717285,18.504398345947266,19.099895477294922,501421048.0
LINK-USD,2025-02-18,19.099872589111328,19.171762466430664,17.315549850463867,17.83260726928711,546007440.0
LINK-USD,2025-02-19,17.832786560058594,18.150611877441406,17.482805252075195,17.978578567504883,361053756.0
LINK-USD,2025-02-20,17.978527069091797,18.442869186401367,17.85224723815918,18.298744201660156,399718267.0
LINK-USD,2025-02-21,18.29822540283203,19.02232551574707,17.143821716308594,17.39421272277832,670200126.0
LINK-USD,2025-02-22,17.39421272277832,18.015968322753906,17.35405158996582,17.76429557800293,326060251.0
LINK-USD,2025-02-23,17.7639102935791,18.118183135986328,17.454648971557617,17.6387882232666,260701498.0
LINK-USD,2025-02-24,17.637786865234375,17.723520278930664,15.196682929992676,15.247294425964355,658369317.0
LINK-USD,2025-02-25,15.247688293457031,15.542108535766602,14.164986610412598,15.29446029663086,1116730684.0
LINK-USD,2025-02-26,15.29322338104248,15.510651588439941,15.120837211608887,15.295795440673828,705113344.0
UNI-USD,2025-01-28,0.00020500000391621143,0.00021300000662449747,0.0002010000025620684,0.00020300000323913991,4.0
UNI-USD,2025-01-29,0.00020300000323913991,0.00021100000594742596,0.00020300000323913991,0.00020900000527035445,4.0
UNI-USD,2025-01-30,0.00020900000527035445,0.00021300000662449747,0.00020799999765586108,0.00021100000594742596,4.0
UNI-USD,2025-01-31,0.00021100000594742596,0.00021300000662449747,0.00020399999630171806,0.00020599999697878957,4.0
UNI-USD,2025-02-01,0.00020599999697878957,0.00020700000459328294,0.00020199999562464654,0.00020199999562464654,4.0
UNI-USD,2025-02-02,0.00020199999562464654,0.00020399999630171806,0.0001939999929163605,0.000195999993593432,4.0
UNI-USD,2025-02-03,0.000195999993593432,0.00020500000391621143,0.00018600000475998968,0.00020399999630171806,4.0
UNI-USD,2025-02-04,0.00020399999630171806,0.00020399999630171806,0.0001939999929163605,0.00019700000120792538,4.0
UNI-USD,2025-02-05,0.00019700000120792538,0.0001990000018849969,0.00019299999985378236,0.0001939999929163605,4.0
UNI-USD,2025-02-06,0.0001939999929163605,0.0001990000018849969,0.00019299999985378236,0.0001939999929163605,4.0
UNI-USD,2025-02-07,0.0001939999929163605,0.0002010000025620684,0.00019200000679120421,0.0001939999929163605,4.0
UNI-USD,2025-02-08,0.0001939999929163605,0.00019500000053085387,0.00019200000679120421,0.0001939999929163605,4.0
UNI-USD,2025-02-09,0.0001939999929163605,0.000195999993593432,0.0001900000061141327,0.0001939999929163605,4.0
UNI-USD,2025-02-10,0.0001939999929163605,0.00019799999427050352,0.00019200000679120421,0.000195999993593432,4.0
UNI-USD,2025-02-11,0.000195999993593432,0.00019799999427050352,0.00019099999917671084,0.00019299999985378236,4.0
UNI-USD,2025-02-12,0.00019299999985378236,0.00019700000120792538,0.00018899999849963933,0.00019700000120792538,4.0
UNI-USD,2025-02-13,0.00019700000120792538,0.00019700000120792538,0.00019200000679120421,0.0001939999929163605,4.0
UNI-USD,2025-02-14,0.0001939999929163605,0.00019799999427050352,0.0001939999929163605,0.000195999993593432,4.0
UNI-USD,2025-02-15,0.000195999993593432,0.00019700000120792538,0.000195999993593432,0.000195999993593432,4.0
UNI-USD,2025-02-16,0.000195999993593432,0.000195999993593432,0.00019299999985378236,0.00019299999985378236,4.0
UNI-USD,2025-02-17,0.00019299999985378236,0.00019500000053085387,0.00019099999917671084,0.00019200000679120421,4.0
UNI-USD,2025-02-18,0.00019200000679120421,0.0001939999929163605,0.0001880000054370612,0.00019200000679120421,4.0
UNI-USD,2025-02-19,0.00019200000679120421,0.00019500000053085387,0.00019099999917671084,0.0001939999929163605,4.0
UNI-USD,2025-02-20,0.0001939999929163605,0.00019799999427050352,0.0001939999929163605,0.00019799999427050352,4.0
UNI-USD,2025-02-21,0.00019799999427050352,0.00019999999494757503,0.00019099999917671084,0.00019299999985378236,4.0
UNI-USD,2025-02-22,0.00019299999985378236,0.00019500000053085387,0.00019299999985378236,0.0001939999929163605,4.0
UNI-USD,2025-02-23,0.0001939999929163605,0.0001939999929163605,0.00019200000679120421,0.0001939999929163605,4.0
UNI-USD,2025-02-24,0.0001939999929163605,0.0001939999929163605,0.00018400000408291817,0.00018400000408291817,3.0
UNI-USD,2025-02-25,0.00018400000408291817,0.00018600000475998968,0.00017299999308306724,0.00017800000205170363,3.0
UNI-USD,2025-02-26,0.00017827360716182739,0.00017938810924533755,0.00017705655773170292,0.00017806039249990135,3.0
XLM-USD,2025-01-28,0.40707701444625854,0.4202220141887665,0.39056500792503357,0.39368200302124023,385573356.0
XLM-USD,2025-01-29,0.3936769962310791,0.4050379991531372,0.382966011762619,0.39273199439048767,330777425.0
XLM-USD,2025-01-30,0.39274299144744873,0.4433409869670868,0.3898240029811859,0.43001699447631836,577243744.0
XLM-USD,2025-01-31,0.4300130009651184,0.4300140142440796,0.4077180027961731,0.4140860140323639,333601270.0
XLM-USD,2025-02-01,0.41408398747444153,0.419950008392334,0.3894999921321869,0.39330899715423584,268987849.0
XLM-USD,2025-02-02,0.39330899715423584,0.4008690118789673,0.3389909863471985,0.35395699739456177,650185465.0
XLM-USD,2025-02-03,0.35395199060440063,0.37233200669288635,0.27712398767471313,0.3704339861869812,1721235850.0
XLM-USD,2025-02-04,0.3704339861869812,0.3745020031929016,0.33400699496269226,0.34160301089286804,539781017.0
XLM-USD,2025-02-05,0.34160301089286804,0.34859299659729004,0.32353800535202026,0.32731300592422485,287981790.0
XLM-USD,2025-02-06,0.3273029923439026,0.34056299924850464,0.3145970106124878,0.3184730112552643,316043946.0
XLM-USD,2025-02-07,0.3184730112552643,0.3438490033149719,0.31723999977111816,0.3269529938697815,383334258.0
XLM-USD,2025-02-08,0.32696598768234253,0.3342680037021637,0.3212519884109497,0.33198800683021545,199082689.0
XLM-USD,2025-02-09,0.33198800683021545,0.33807000517845154,0.3038170039653778,0.31458398699760437,285771798.0
XLM-USD,2025-02-10,0.31458398699760437,0.32199299335479736,0.30376800894737244,0.3129050135612488,313937333.0
XLM-USD,2025-02-11,0.3129349946975708,0.3385539948940277,0.31273800134658813,0.31841400265693665,422347676.0
XLM-USD,2025-02-12,0.31841498613357544,0.33617401123046875,0.30990898609161377,0.3329710066318512,339839205.0
XLM-USD,2025-02-13,0.3329710066318512,0.342074990272522,0.323386013507843,0.33761900663375854,279921101.0
XLM-USD,2025-02-14,0.33759599924087524,0.36114999651908875,0.3340489864349365,0.350942999124527,419637884.0
XLM-USD,2025-02-15,0.35093799233436584,0.36554500460624695,0.34604600071907043,0.34902000427246094,266924488.0
XLM-USD,2025-02-16,0.34901800751686096,0.35179099440574646,0.340846985578537,0.3426069915294647,166849495.0
XLM-USD,2025-02-17,0.3426060080528259,0.3484730124473572,0.331835001707077,0.33372199535369873,221323545.0
XLM-USD,2025-02-18,0.33372199535369873,0.3348979949951172,0.31662800908088684,0.323184996843338,216196316.0
XLM-USD,2025-02-19,0.323184996843338,0.34234100580215454,0.3216809928417206,0.3422729969024658,237673170.0
XLM-USD,2025-02-20,0.3422729969024658,0.34930500388145447,0.3363510072231293,0.3447270095348358,225055449.0
XLM-USD,2025-02-21,0.3447270095348358,0.34626099467277527,0.3211959898471832,0.32577499747276306,268275214.0
XLM-USD,2025-02-22,0.32577499747276306,0.3396579921245575,0.3245599865913391,0.3345920145511627,170185108.0
XLM-USD,2025-02-23,0.3345920145511627,0.33580800890922546,0.3268060088157654,0.3335059881210327,146842265.0
XLM-USD,2025-02-24,0.33350399136543274,0.3345339894294739,0.29702600836753845,0.2979719936847687,319644633.0
XLM-USD,2025-02-25,0.29796698689460754,0.30294299125671387,0.2714419960975647,0.2952730059623718,503809010.0
XLM-USD,2025-02-26,0.29524466395378113,0.298687219619751,0.2899179458618164,0.2941756844520569,384576320.0
DOGE-USD,2025-01-28,0.3338179886341095,0.3386459946632385,0.31583499908447266,0.31907400488853455,2019292120.0
DOGE-USD,2025-01-29,0.31907400488853455,0.33350899815559387,0.31794100999832153,0.32386401295661926,1981300959.0
DOGE-USD,2025-01-30,0.323870986700058,0.33808401226997375,0.32287099957466125,0.331508994102478,1365524939.0
DOGE-USD,2025-01-31,0.33150699734687805,0.3406769931316376,0.3243130147457123,0.32872799038887024,1796042122.0
DOGE-USD,2025-02-01,0.32872700691223145,0.33189401030540466,0.30426400899887085,0.30835700035095215,1577548524.0
DOGE-USD,2025-02-02,0.3083769977092743,0.3145889937877655,0.25455498695373535,0.26750901341438293,5607210222.0
DOGE-USD,2025-02-03,0.26750999689102173,0.2924639880657196,0.21172000467777252,0.28500398993492126,11007373557.0
DOGE-USD,2025-02-04,0.2850160002708435,0.2884669899940491,0.2562919855117798,0.26414400339126587,4306969827.0
DOGE-USD,2025-02-05,0.2641279995441437,0.2690280079841614,0.2543720006942749,0.25623300671577454,1818131454.0
DOGE-USD,2025-02-06,0.25623300671577454,0.2656950056552887,0.2439420074224472,0.24808399379253387,1892595490.0
DOGE-USD,2025-02-07,0.24807900190353394,0.26121699810028076,0.23954400420188904,0.24661299586296082,2042225149.0
DOGE-USD,2025-02-08,0.24661299586296082,0.25394999980926514,0.24499200284481049,0.25326600670814514,989182891.0
DOGE-USD,2025-02-09,0.25326499342918396,0.25983598828315735,0.24030600488185883,0.24929000437259674,1242077795.0
DOGE-USD,2025-02-10,0.24928900599479675,0.2559249997138977,0.24206100404262543,0.25525999069213867,1342589439.0
DOGE-USD,2025-02-11,0.255264014005661,0.26923298835754395,0.24903100728988647,0.2531220018863678,1721245015.0
DOGE-USD,2025-02-12,0.2531229853630066,0.2670300006866455,0.24889099597930908,0.26412200927734375,1949247514.0
DOGE-USD,2025-02-13,0.26412999629974365,0.26691800355911255,0.25404998660087585,0.26249200105667114,1492303517.0
DOGE-USD,2025-02-14,0.26249098777770996,0.28529301285743713,0.26120999455451965,0.271928995847702,2320487584.0
DOGE-USD,2025-02-15,0.2719320058822632,0.2826789915561676,0.2689409852027893,0.27172398567199707,1624562147.0
DOGE-USD,2025-02-16,0.27172601222991943,0.27381598949432373,0.26423799991607666,0.2657400071620941,969472255.0
DOGE-USD,2025-02-17,0.2657580077648163,0.2684989869594574,0.25448399782180786,0.2581480145454407,1369340298.0
DOGE-USD,2025-02-18,0.2581480145454407,0.25939399003982544,0.24260300397872925,0.2509010136127472,1601424562.0
DOGE-USD,2025-02-19,0.25090301036834717,0.25522300601005554,0.2492779940366745,0.2547680139541626,1007520306.0
DOGE-USD,2025-02-20,0.2547670006752014,0.25745999813079834,0.2505120038986206,0.2548600137233734,1119395680.0
DOGE-USD,2025-02-21,0.25485798716545105,0.26093098521232605,0.2349189966917038,0.23930799961090088,2024664109.0
DOGE-USD,2025-02-22,0.239314004778862,0.24766500294208527,0.23834000527858734,0.2467229962348938,932077730.0
DOGE-USD,2025-02-23,0.2467239946126938,0.24743500351905823,0.24065500497817993,0.24302299320697784,707579811.0
DOGE-USD,2025-02-24,0.24302199482917786,0.24382799863815308,0.20832200348377228,0.21035900712013245,2239353273.0
DOGE-USD,2025-02-25,0.21037299931049347,0.21392099559307098,0.1967640072107315,0.2123890072107315,3432761745.0
DOGE-USD,2025-02-26,0.2112598866224289,0.21345151960849762,0.20848602056503296,0.21104007959365845,2310165248.0
XMR-USD,2025-01-28,213.98007202148438,225.27809143066406,212.2919464111328,218.08935546875,58201544.0
XMR-USD,2025-01-29,218.09490966796875,225.417724609375,216.37127685546875,221.92568969726562,67894805.0
XMR-USD,2025-01-30,221.93296813964844,243.03001403808594,221.83168029785156,232.67633056640625,90814602.0
XMR-USD,2025-01-31,232.67633056640625,239.88458251953125,231.49562072753906,238.5856170654297,73322287.0
XMR-USD,2025-02-01,238.58966064453125,242.03659057617188,232.2991485595703,234.2761688232422,74660857.0
XMR-USD,2025-02-02,234.2761688232422,239.6400909423828,216.76858520507812,221.23451232910156,72052472.0
XMR-USD,2025-02-03,221.2364044189453,227.03387451171875,194.74276733398438,225.92750549316406,111469714.0
XMR-USD,2025-02-04,225.92750549316406,235.05001831054688,216.4037628173828,220.14273071289062,85714999.0
XMR-USD,2025-02-05,220.14273071289062,229.2127685546875,217.63070678710938,227.0655059814453,61807266.0
XMR-USD,2025-02-06,227.0621795654297,239.01980590820312,220.81085205078125,222.45542907714844,74923577.0
XMR-USD,2025-02-07,222.45542907714844,228.27523803710938,195.41993713378906,205.2122802734375,75256147.0
XMR-USD,2025-02-08,205.2122802734375,219.50096130371094,204.8210906982422,213.93927001953125,54420253.0
XMR-USD,2025-02-09,213.93687438964844,222.9706268310547,213.6649169921875,220.1154022216797,53452820.0
XMR-USD,2025-02-10,220.1154022216797,225.76695251464844,219.15725708007812,221.55157470703125,72270485.0
XMR-USD,2025-02-11,221.55157470703125,227.39222717285156,219.0071258544922,222.6641845703125,63772029.0
XMR-USD,2025-02-12,222.72116088867188,227.82174682617188,219.5398406982422,227.0548858642578,59709667.0
XMR-USD,2025-02-13,227.0548858642578,228.3234405517578,222.1199188232422,224.56028747558594,57976243.0
XMR-USD,2025-02-14,224.56028747558594,231.88438415527344,224.54429626464844,229.3457489013672,49737752.0
XMR-USD,2025-02-15,229.3457489013672,237.47401428222656,228.8066864013672,230.34503173828125,60068433.0
XMR-USD,2025-02-16,230.34503173828125,235.33984375,227.7315216064453,229.68365478515625,53609102.0
XMR-USD,2025-02-17,229.68365478515625,238.83203125,229.26876831054688,238.58773803710938,65454058.0
XMR-USD,2025-02-18,238.58773803710938,239.0952911376953,229.3976593017578,237.16029357910156,65188534.0
XMR-USD,2025-02-19,237.13499450683594,241.5812225341797,233.3634490966797,239.19525146484375,68877208.0
XMR-USD,2025-02-20,239.19525146484375,239.5435791015625,227.7475128173828,229.15142822265625,73691330.0
XMR-USD,2025-02-21,229.1543731689453,238.47021484375,227.30296325683594,233.37130737304688,67633392.0
XMR-USD,2025-02-22,233.37130737304688,237.3199920654297,230.6304473876953,234.75831604003906,52018285.0
XMR-USD,2025-02-23,234.75831604003906,237.77828979492188,231.94493103027344,236.32699584960938,49582273.0
XMR-USD,2025-02-24,236.32699584960938,237.5910186767578,226.72381591796875,226.8140106201172,58722047.0
XMR-USD,2025-02-25,226.8140106201172,230.9812774658203,212.7526092529297,216.15155029296875,64591154.0
XMR-USD,2025-02-26,216.12716674804688,222.4715118408203,215.13885498046875,221.95578002929688,56272624.0
XTZ-USD,2025-01-28,1.0989559888839722,1.1114000082015991,1.0389289855957031,1.0470119714736938,28555398.0
XTZ-USD,2025-01-29,1.0470119714736938,1.0890450477600098,1.0312579870224,1.0602949857711792,35784313.0
XTZ-USD,2025-01-30,1.060338020324707,1.1186679601669312,1.054414987564087,1.0917969942092896,28563043.0
XTZ-USD,2025-01-31,1.0917969942092896,1.1305129528045654,1.0733469724655151,1.093438982963562,31424409.0
XTZ-USD,2025-02-01,1.0934269428253174,1.102607011795044,1.0015619993209839,1.0091259479522705,29587833.0
XTZ-USD,2025-02-02,1.0091259479522705,1.0253369808197021,0.8563219904899597,0.8893700242042542,68476081.0
XTZ-USD,2025-02-03,0.8893669843673706,0.9495959877967834,0.7285439968109131,0.938476026058197,133154147.0
XTZ-USD,2025-02-04,0.938476026058197,0.9483129978179932,0.8428249955177307,0.8809360265731812,62298277.0
XTZ-USD,2025-02-05,0.8809360265731812,0.9114530086517334,0.8564119935035706,0.8645470142364502,38049933.0
XTZ-USD,2025-02-06,0.8645470142364502,0.8837350010871887,0.8244699835777283,0.8321920037269592,38087972.0
XTZ-USD,2025-02-07,0.8321920037269592,0.8795379996299744,0.8132510185241699,0.8380020260810852,41974423.0
XTZ-USD,2025-02-08,0.8380020260810852,0.8786450028419495,0.8279500007629395,0.8773930072784424,26840027.0
XTZ-USD,2025-02-09,0.8773630261421204,0.9210659861564636,0.8471519947052002,0.8808500170707703,31953352.0
XTZ-USD,2025-02-10,0.8808500170707703,0.8991230130195618,0.8538150191307068,0.8905810117721558,32988759.0
XTZ-USD,2025-02-11,0.8905810117721558,0.926941990852356,0.8568019866943359,0.8640469908714294,37332663.0
XTZ-USD,2025-02-12,0.8640450239181519,0.9223330020904541,0.8484150171279907,0.9179859757423401,34838466.0
XTZ-USD,2025-02-13,0.9179859757423401,0.9231860041618347,0.8756539821624756,0.8991699814796448,26564080.0
XTZ-USD,2025-02-14,0.8991699814796448,0.9286710023880005,0.8899419903755188,0.9143689870834351,30330406.0
XTZ-USD,2025-02-15,0.9143689870834351,0.9252880215644836,0.8781229853630066,0.8861119747161865,28446947.0
XTZ-USD,2025-02-16,0.8861119747161865,0.9071230292320251,0.873199999332428,0.8974519968032837,29587685.0
XTZ-USD,2025-02-17,0.8974480032920837,0.9218069911003113,0.8775590062141418,0.8905019760131836,25861758.0
XTZ-USD,2025-02-18,0.8905019760131836,0.895114004611969,0.8267059922218323,0.8528670072555542,32364453.0
XTZ-USD,2025-02-19,0.8528670072555542,0.8763329982757568,0.8412799835205078,0.8720669746398926,23829904.0
XTZ-USD,2025-02-20,0.8720669746398926,0.8980680108070374,0.8646860122680664,0.8959239721298218,26163592.0
XTZ-USD,2025-02-21,0.8959239721298218,0.9183409810066223,0.854246973991394,0.8709620237350464,32563393.0
XTZ-USD,2025-02-22,0.8709620237350464,0.8981729745864868,0.8704590201377869,0.893634021282196,27994413.0
XTZ-USD,2025-02-23,0.893634021282196,0.8955119848251343,0.8598139882087708,0.8662369847297668,26632484.0
XTZ-USD,2025-02-24,0.8662369847297668,0.8662899732589722,0.7712780237197876,0.7742599844932556,38175413.0
XTZ-USD,2025-02-25,0.7742699980735779,0.790814995765686,0.7326800227165222,0.7829409837722778,49083704.0
XTZ-USD,2025-02-26,0.7772740125656128,0.7873021364212036,0.7722181677818298,0.7771099805831909,34815028.0
